time,cups
1779148800000,1
1779235200000,0
1779321600000,0
1779408000000,5
1779494400000,0
1779580800000,0
1779667200000,4
1779753600000,0
1779840000000,0
1779926400000,1
1780012800000,0
1780099200000,0
1780185600000,2
1780272000000,0
1780358400000,0
1780444800000,3
1780531200000,0
1780617600000,0
1780704000000,1
1780790400000,0
1780876800000,0
1780963200000,0
1781049600000,2
1781136000000,0
1781222400000,0
1781308800000,4
1781395200000,0
1781481600000,0
1781568000000,1
1781654400000,0
1781740800000,0
1781827200000,2
1781913600000,0
1782000000000,0
1782086400000,1
1782172800000,0
1782259200000,0
1782345600000,4
1782432000000,0
1782518400000,0
1782604800000,2
1782691200000,0
1782777600000,0
1782864000000,5
1782950400000,0
1783036800000,0
1783123200000,2
1783209600000,0
1783296000000,0
1783382400000,1
1783468800000,0
1783555200000,0
1783641600000,3
1783728000000,0
1783814400000,0
1783900800000,4
1783987200000,0
1784073600000,0
1784160000000,0
1784246400000,7
1784332800000,0
1784419200000,0
1784505600000,1
1784592000000,0
1784678400000,0
1784764800000,3
1784851200000,0
1784937600000,0
1785024000000,1
1785110400000,0
1785196800000,0
1785283200000,2
1785369600000,0
1785456000000,0
1785542400000,1
1785628800000,0
1785715200000,0
1785801600000,5
